0 0.3271049016350755 0.6772067105009739 0.031771839513531755 0.027627686533505908
0 0.6403337977086977 0.8036033763917629 0.029699763023518812 0.029009070860181084
0 0.5277509750846615 0.38469857932748114 0.02693699437016818 0.031081147350194058
0 0.635844298647003 0.37261146646907223 0.03177183951353179 0.023483533553479888
0 0.6040724591334713 0.2268754200048291 0.03039045518685633 0.027627686533505766
0 0.28877148656983614 0.3491279329155923 0.031081147350194023 0.03453460816688235
0 0.11085609221569209 0.2434520319249326 0.025555610043492896 0.030390455186856437
0 0.13882912483086673 0.1812897372245445 0.0276276865335058 0.03591599249355752
0 0.25486540827159115 0.016231265838434667 0.02762768653350584 0.0227928413901423
0 0.8943240990093402 0.38989572620410085 0.027627686533505766 0.028318378696843425
