0 0.03388888888888889 0.11 0.021111111111111112 0.017777777777777785
0 0.2555555555555556 0.2877777777777778 0.02222222222222225 0.017777777777777785
0 0.31666666666666665 0.2866666666666667 0.02 0.02
0 0.3416666666666666 0.2 0.018888888888888858 0.024444444444444463
0 0.34722222222222227 0.13333333333333333 0.018888888888888927 0.022222222222222213
0 0.3651254970776891 0.10889960233784873 0.012959906410095645 0.017842058471537123
0 0.375 0.08666666666666666 0.018888888888888858 0.015555555555555562
0 0.4333333333333333 0.15 0.0244444444444445 0.019999999999999983
0 0.08095787184544573 0.3745478683052646 0.01563242805846356 0.01757093005613707
0 0.06858999645981893 0.3849501845951546 0.01472816466899308 0.014130379810852573
0 0.10277777777777779 0.4305555555555556 0.018888888888888875 0.02333333333333336
0 0.10222222222222221 0.49777777777777776 0.022222222222222213 0.017777777777777858
0 0.1677241693218022 0.4618697213371768 0.013226116421382826 0.01584686188236503
0 0.2341379659131139 0.5128275931826228 0.017777777777777785 0.022222222222222286
0 0.2633333333333333 0.6683333333333333 0.017777777777777785 0.023333333333333428
0 0.4883333333333333 0.33055555555555555 0.016666666666666642 0.016666666666666715
0 0.6187854650280681 0.33722601527335244 0.017570930056137687 0.01665908056440566
0 0.7016666666666669 0.3349999999999999 0.014444444444444428 0.025555555555555536
0 0.7876826138022952 0.30130594468427413 0.013443925606153553 0.015466808633014459
0 0.8516666666666666 0.3705555555555556 0.012222222222222143 0.021111111111111143
0 0.9 0.32611111111111113 0.02 0.02333333333333332
0 0.9311111111111111 0.3005555555555556 0.01555555555555557 0.018888888888888893
0 0.9622222222222221 0.1711111111111111 0.02 0.02
0 0.9055555555555554 0.125 0.017777777777777858 0.014444444444444447
0 0.7344444444444445 0.09444444444444444 0.02 0.02
0 0.7361111111111112 0.08388888888888889 0.012222222222222285 0.018888888888888903
0 0.7222222222222221 0.055 0.013333333333333428 0.014444444444444447
0 0.8183333333333332 0.105 0.018888888888888858 0.014444444444444428
0 0.9483333333333333 0.8138888888888889 0.012222222222222285 0.021111111111111143
0 0.9288888888888889 0.945 0.011111111111111143 0.021111111111111143
0 0.8983333333333334 0.7483333333333334 0.014444444444444428 0.016666666666666715
0 0.7237647296818895 0.557012161203179 0.01668942497344858 0.012137763617053637
0 0.31512668790775317 0.4267840723952085 0.015677944672027485 0.014666464370606392
0 0.4123299448743236 0.009861932938856014 0.012137763617053637 0.01668942497344864
