0 0.04618237541843426 0.9100874106897741 0.01879990503759271 0.013895581984307768
0 0.10237774373732553 0.8910831588582943 0.014304275572081408 0.014304275572081195
0 0.18227734014709454 0.9621958431309277 0.013078194808760166 0.015121662747629045
0 0.3369678631194607 0.9715957956497241 0.011852114045438853 0.017573824274271458
0 0.15632529732346112 0.7439534672597427 0.014304275572081391 0.013486888396533772
0 0.15775572488066927 0.6945015431391183 0.015530356335402704 0.01593904992317647
0 0.26278997693852424 0.7206579327566385 0.016347743510950183 0.011852114045438924
0 0.3715024712863429 0.6957276239024397 0.012260807633212635 0.015121662747628762
0 0.40440230510213016 0.6728407829871094 0.015121662747628974 0.012669501220986206
0 0.4117587896820577 0.6855102842080957 0.012669501220986347 0.01266950122098649
0 0.4336238966279536 0.8111835624485252 0.013078194808760202 0.015530356335402616
0 0.4951322815879037 0.693479809169684 0.013486888396533914 0.015530356335402758
0 0.3490243239587864 0.6076541557371955 0.01144342045766507 0.015530356335402758
0 0.314694062585791 0.6156236806987837 0.012260807633212564 0.012669501220986278
0 0.5331407852508628 0.8146574579446022 0.015939049923176397 0.012669501220986347
0 0.5219017115870846 0.8528703084014482 0.013078194808760202 0.013895581984307626
0 0.424632637696931 0.8853614486294618 0.01471296915985512 0.01430427557208148
0 0.6422619731864553 0.8583876718363939 0.010217339694343934 0.01430427557208148
0 0.6279576976143739 0.7147318757339193 0.013486888396534056 0.012260807633212635
0 0.596079597768021 0.6654842984071817 0.011034726869891359 0.013486888396534056
0 0.5300755833425598 0.6609886689416704 0.015530356335402687 0.013486888396533914
0 0.5613406428072518 0.5422631816933948 0.012669501220986418 0.015530356335402687
0 0.5545971986089849 0.49710254024439493 0.013895581984307626 0.01430427557208155
0 0.6259142296755051 0.4637940128408339 0.012669501220986418 0.013895581984307697
0 0.47490194899310284 0.47258092497796966 0.01634774351095011 0.012669501220986347
0 0.4589628990699264 0.49362864474831797 0.012260807633212707 0.013895581984307697
0 0.7293137073822652 0.5052764119998698 0.012669501220986347 0.015939049923176397
0 0.724613731122867 0.5573848444410237 0.015530356335402758 0.012260807633212707
0 0.8051263679142966 0.6164410678743312 0.014712969159855049 0.01430427557208148
0 0.8341436126462329 0.5271415189457659 0.012260807633212635 0.01879990503759281
0 0.8116654653186767 0.4656331339858158 0.013895581984307626 0.015121662747629045
0 0.8145263204330929 0.40637256375862135 0.012260807633212778 0.015939049923176397
0 0.8047176743265229 0.6462756997818153 0.015530356335402616 0.015939049923176397
0 0.7430049425726858 0.6303366498586389 0.01144342045766507 0.013486888396533985
0 0.862547816996509 0.7296491916876613 0.015121662747628904 0.012669501220986206
0 0.882573802797423 0.605201994210553 0.012669501220986347 0.012260807633212707
0 0.942447413406278 0.6354453197058109 0.014712969159855333 0.013078194808760202
0 0.914247555849889 0.5447153432200373 0.013078194808760202 0.015530356335402616
0 0.9565473421844726 0.521828502304707 0.01266950122098649 0.012260807633212564
0 0.9596125440927757 0.5097720414653815 0.014712969159855333 0.011852114045438853
0 0.8684006647368508 0.2952079078841602 0.013078194808760202 0.013486888396533914
0 0.7772619946633036 0.3127817321584316 0.013895581984307626 0.011852114045438853
0 0.698384132222969 0.25638201704565344 0.013895581984307483 0.014304275572081374
0 0.518558953602517 0.2649645823889023 0.016347743510950183 0.012669501220986418
0 0.3979943452092594 0.18199978407083012 0.01471296915985512 0.012669501220986418
0 0.4770765544434809 0.1007429693862305 0.012669501220986418 0.012669501220986383
0 0.5318414952051641 0.1268993590037508 0.011852114045438924 0.015939049923176397
0 0.5099763882592683 0.05129104526560619 0.011443420457665141 0.0143042755720814
0 0.48341130505397417 0.032695487021900366 0.013895581984307697 0.014712969159855165
0 0.23104301460368068 0.061304038166063196 0.011034726869891359 0.013895581984307652
0 0.1819997840708301 0.1340514967897915 0.012669501220986383 0.015530356335402687
0 0.13397828750741395 0.03800850366295918 0.013078194808760166 0.01389558198430766
0 0.07070399068485954 0.14161232816360594 0.016347743510950162 0.0126695012209864
0 0.2274379815960944 0.2975289318992933 0.013486888396533949 0.01716513068649764
0 0.25584218594637037 0.36373729311864156 0.012260807633212672 0.015530356335402687
0 0.12730805259152456 0.38335458533178185 0.012669501220986383 0.011443420457665141
0 0.2742333973961893 0.43628040494848297 0.015530356335402758 0.012669501220986347
0 0.8475572917603895 0.1647035158728231 0.011443420457665212 0.01716513068649771
0 0.813022683593507 0.046999762593981774 0.015121662747628904 0.012260807633212644
0 0.7010406405434984 0.8237219261580023 0.01430427557208148 0.013486888396533914
0 0.96791755335976 0.7963394557771608 0.010217339694343934 0.015121662747629045
0 0.9695523277108552 0.9117221850408689 0.011852114045438924 0.014712969159854906
0 0.6233888588664851 0.9474828739710724 0.013486888396533985 0.0110347268698915
0 0.01587617398659585 0.40771011869808005 0.014147085730629972 0.011632048267406887
0 0.010531719377246753 0.5361342191639099 0.011632048267406863 0.013203946681921366
