0 0.310935489999252 0.9628026699688109 0.008488251438378001 0.010688909218698086
0 0.3758548945186984 0.9749062877605721 0.010688909218698228 0.011003288901600855
0 0.4032059269312496 0.8007399434323722 0.010060149852892409 0.011632048267406816
0 0.4140520259913993 0.7840778202385189 0.011632048267406816 0.01100328890160128
0 0.3628081376782285 0.7953954888230231 0.011003288901601066 0.011003288901600995
0 0.26739390391720197 0.7389643357419545 0.01257518731611551 0.010688909218698086
0 0.3692529211777378 0.7081551268174715 0.011946427950309726 0.01006014985289255
0 0.4509916387324887 0.7034394315739282 0.012575187316115545 0.00880263112128091
0 0.3442597363869582 0.5682561679256863 0.010374529535795247 0.01006014985289248
0 0.2752533959897743 0.47158441543304824 0.011946427950309726 0.010374529535795318
0 0.22070852100612315 0.46969813733563087 0.011632048267406851 0.011003288901601137
0 0.2428583050424811 0.21143522783090823 0.008488251438377965 0.011946427950309762
0 0.5393183460199046 0.1732232052794914 0.010374529535795318 0.010688909218698228
0 0.5448199904707052 0.23295534503104015 0.009431390487086588 0.01257518731611551
0 0.5704419346272905 0.16347743510950186 0.009745770169989641 0.011946427950309726
0 0.6298596946959363 0.23138344661652568 0.011003288901601066 0.008802631121280874
0 0.6553244490110702 0.17683857163287459 0.011632048267406816 0.012260807633212635
0 0.6748159893510494 0.14288556587936266 0.011003288901601137 0.011003288901601103
0 0.6694715347417002 0.13235384650211593 0.00911701080418382 0.011946427950309762
0 0.6155554191238549 0.2749250326985757 0.011946427950309797 0.009745770169989534
0 0.7144278293968134 0.26517926252858615 0.009745770169989641 0.012260807633212564
0 0.7397353938704958 0.2274537005802396 0.010060149852892409 0.011003288901601066
0 0.7677151856488529 0.18139707703496646 0.012575187316115545 0.009431390487086624
0 0.7494811640404854 0.16630685225562786 0.009431390487086588 0.01257518731611551
0 0.7049964389097266 0.16001925859757007 0.011632048267406958 0.010688909218698193
0 0.7494811640404854 0.3264833006946493 0.012575187316115405 0.009745770169989499
0 0.6617692325105796 0.34456013246156547 0.010688909218698228 0.012575187316115545
0 0.6652274090225114 0.36703827978912196 0.01006014985289255 0.012889566999018456
0 0.831848640961042 0.3343427927672217 0.012575187316115405 0.010374529535795318
0 0.8470960555818321 0.2581057196632712 0.011003288901601137 0.00880263112128084
0 0.8863935159446933 0.19994547832623688 0.010374529535795176 0.011317668584503941
0 0.8753902270430922 0.17463791385255437 0.009745770169989641 0.00911701080418375
0 0.8605726106325691 0.3703392664596022 0.00911701080418382 0.012575187316115476
0 0.9066292341778421 0.37914189758088307 0.011317668584504049 0.011946427950309726
0 0.887766453203669 0.4497201363925815 0.011317668584504049 0.008488251438378001
0 0.8113721902582671 0.46088061513563405 0.011317668584504049 0.009431390487086659
0 0.7755329064073376 0.47942901642690444 0.011317668584503907 0.010688909218698086
0 0.8424957788656531 0.532716372678944 0.010060149852892409 0.009745770169989428
0 0.9151174856162201 0.5339738914105555 0.008173871755475091 0.012889566999018456
0 0.9364953040536165 0.5103954151928389 0.013203946681921366 0.010374529535795318
0 0.9756355745750261 0.5003352653399464 0.009745770169989641 0.012889566999018385
0 0.7714459705296002 0.5622680628718155 0.011317668584504049 0.012889566999018314
0 0.8960975148005954 0.5784586165413141 0.011003288901600995 0.011317668584503907
0 0.9088298919581623 0.606752788002574 0.011317668584503907 0.00691635302386345
0 0.9275354830908842 0.6081674965756372 0.009745770169989641 0.00911701080418382
0 0.9468698335894118 0.6306456439031937 0.00880263112128091 0.011317668584503978
0 0.9803512698185693 0.5790873759071199 0.010374529535795176 0.01006014985289248
0 0.8866661243135087 0.6556388286939733 0.009745770169989641 0.011003288901601137
0 0.9083583224338081 0.6734012807779866 0.011003288901601137 0.009431390487086445
0 0.9633747669418135 0.6993376046174749 0.009745770169989499 0.013518326364824133
0 0.7189445634848178 0.7249595487740602 0.010060149852892409 0.011946427950309726
0 0.7302622320693218 0.7375347360901756 0.012575187316115545 0.011317668584504049
0 0.7230314993625555 0.7501099234062911 0.010688909218698228 0.010060149852892409
0 0.7950244467473169 0.7336049900538896 0.011317668584504049 0.011003288901601137
0 0.9305220900784615 0.8121999107796117 0.011946427950309726 0.009745770169989499
0 0.9427828977116743 0.7917652313909239 0.008802631121280768 0.012889566999018314
0 0.9460838843821545 0.8525977000326327 0.009745770169989357 0.010060149852892409
0 0.6999245926691932 0.8188018841205721 0.011003288901601137 0.00911701080418382
0 0.7096703628391826 0.8448953978015119 0.007859492072572038 0.011003288901601137
0 0.67021571263487 0.7958521672686614 0.010688909218698228 0.011003288901601137
0 0.9350805954805536 0.9198331808597634 0.012889566999018599 0.00943139048708673
0 0.951899908515858 0.9075723732265507 0.00880263112128091 0.011317668584504049
0 0.9578731224910129 0.9212478894328264 0.008802631121280626 0.010374529535795318
0 0.982709117440341 0.8993985014710756 0.011317668584503907 0.011317668584504191
0 0.9347662157976506 0.9830234971232437 0.010374529535795176 0.010060149852892409
0 0.6117216783551341 0.7134524348489145 0.011317668584504049 0.00785949207257218
0 0.6296413202805988 0.7018203865815077 0.011946427950309726 0.009745770169989499
0 0.6073203627944938 0.7000912983255418 0.011946427950309797 0.010060149852892409
0 0.6021330980265961 0.6637804449502582 0.010374529535795318 0.008488251438378001
0 0.653848555864121 0.6150515941003105 0.010688909218698228 0.011632048267406887
0 0.6573067323760529 0.5722959572255177 0.010060149852892409 0.011003288901601066
0 0.6181664618546433 0.5757541337374497 0.011632048267406816 0.00974577016998957
0 0.6076347424773965 0.5510753286295729 0.011317668584503907 0.010060149852892337
0 0.6038621862825618 0.5633361362627854 0.009431390487086517 0.01006014985289248
0 0.5688088516388898 0.5047043254013969 0.012889566999018314 0.012889566999018456
0 0.6337282561583362 0.49307227713398993 0.00943139048708673 0.010374529535795318
0 0.653848555864121 0.5158648041444494 0.010688909218698086 0.009431390487086517
0 0.668310021277654 0.5091056409620373 0.012575187316115405 0.007859492072572251
0 0.6593502003149215 0.4952729349143102 0.012889566999018314 0.008488251438378001
0 0.6690959704849111 0.48882815141480096 0.010374529535795318 0.00943139048708673
0 0.6546345050713783 0.47672453362303974 0.010374529535795318 0.010374529535795318
0 0.7626239261485205 0.4759385844157826 0.011317668584503907 0.011317668584504049
0 0.7233264657856594 0.42893882182180076 0.011317668584504049 0.009117010804183678
0 0.6507047590350923 0.4232799875295488 0.011317668584503907 0.01163204826740703
0 0.5499460706647166 0.4147917360911708 0.00911701080418382 0.011632048267406887
0 0.5125348883992729 0.5135069565226776 0.012260807633212635 0.007230732706766432
0 0.5917585684908008 0.3948286262268374 0.007230732706766503 0.011946427950309726
0 0.5969458332586984 0.4036312573481182 0.0075451123896692705 0.011946427950309726
0 0.7069676498222773 0.039030237632393563 0.01430427557208148 0.01185211404543889
0 0.7515152508896165 0.017165130686497693 0.01266950122098649 0.01144342045766513
