0 0.29596740310213215 0.8525633731311929 0.017506389832288784 0.028994958159728128
0 0.5848228353348971 0.8681550015755751 0.018600539196806806 0.026259584748433155
0 0.3659929624312873 0.34328936311753777 0.01641224046777069 0.02571251006617416
0 0.3900642484506844 0.3514954833514231 0.02407128601939718 0.022430061972619982
0 0.4319154616434997 0.313473792934421 0.020241763243583934 0.019694688561324867
0 0.5106942158887992 0.27627271454080726 0.016959315150029682 0.02407128601939707
0 0.5074117677952451 0.22320647036168195 0.02133591260810192 0.02516543538391506
0 0.28420529743356315 0.1635753299954483 0.02680665943069215 0.026259584748433155
0 0.8406564049923175 0.6729690083205294 0.025 0.021875
0 0.8727810650887575 0.34162352071005914 0.024038461538461606 0.026812130177514815
0 0.9203957100591715 0.33052884615384615 0.013868343195266277 0.02311390532544376
0 0.9347263313609467 0.21727071005917162 0.020340236686390654 0.025887573964497007
0 0.9462247038644049 0.09306638992181292 0.028778402922073457 0.019118699446314464
0 0.8917344674556213 0.0628698224852071 0.01941568047337256 0.029585798816568046
0 0.23016636028049306 0.6158443482240894 0.02228562263427925 0.02940597810803319
0 0.13960798816568049 0.4715236686390532 0.018491124260355055 0.02034023668639051
0 0.22082044439771337 0.22374260355029565 0.027439705363474575 0.02218934911242601
0 0.15211038383809028 0.9118429287719988 0.02496301775147934 0.023113905325443794
0 0.03731286164874104 0.7218907024961573 0.025374276702517413 0.02496859500767924
0 0.08984375 0.68125 0.0328125 0.025
0 0.04957861580900579 0.40078125 0.03209276838198812 0.020312499999999952
0 0.5539722529831128 0.6836098590249478 0.01859555824370581 0.020720764900129467
0 0.5619417779447009 0.6886572248339536 0.020720764900129397 0.018064256579599914
