0 0.4934028538018805 0.8374293343990609 0.035225300330219936 0.03591599249355767
0 0.7710611034636139 0.8249968754589833 0.03936945331024589 0.03867876114690802
0 0.5051446205786205 0.7096512841815964 0.0379880689835705 0.04144152980025865
0 0.8183479610421993 0.6095009204976378 0.03453460816688221 0.03315322384020703
0 0.8601348369241267 0.7635252729219328 0.032462531676869306 0.040060145473583615
0 0.9039937892960672 0.7289906647550505 0.03867876114690802 0.044204298453609285
0 0.9288587071762224 0.7932250359454517 0.03453460816688221 0.040060145473583615
0 0.8870718312942949 0.8353572579090479 0.036606684656895115 0.03591599249355738
0 0.8943240990093403 0.6654469857279871 0.042822914126934106 0.03453460816688221
0 0.7817412763853042 0.47550664081013466 0.04006014547358333 0.03315322384020696
0 0.7434078613200649 0.4582393367266935 0.04213222196359638 0.03729737682023284
0 0.7099092913981889 0.4219779981514671 0.042822914126934106 0.03384391600354448
0 0.7264859033182924 0.3957316959446366 0.04006014547358333 0.036606684656895115
0 0.4284522348380983 0.12259785899243206 0.03246253167686923 0.033843916003544604
0 0.4985574894168694 0.08391909784552391 0.03729737682023291 0.03660668465689521
0 0.960975892771423 0.8736033341092108 0.0352253003302198 0.03453460816688221
0 0.927822668931216 0.9157355560728071 0.031081147350194273 0.040060145473583476
0 0.4957947207635188 0.8863811391309572 0.03591599249355767 0.036606684656895254
