0 0.2566128594448354 0.2769401353661657 0.013282541602646986 0.013813843266752883
0 0.3464028406787293 0.24612463884802455 0.01434514493085878 0.011688636610329367
0 0.3708427172275998 0.2333733989094834 0.015407748259070573 0.01275123993854116
0 0.0236429240527117 0.08580521875309977 0.01328254160264702 0.016470351587282314
0 0.4000701530717283 0.03400330650277638 0.01593904992317647 0.01381384326675291
0 0.4231817754603342 0.009563429953905855 0.016470351587282293 0.01168863661032938
0 0.47870279935939875 0.13282541602647022 0.01700165325138819 0.012751239938541143
0 0.5485689681893221 0.14265449681242903 0.016470351587282366 0.016470351587282314
0 0.45691943113105765 0.06269359636449394 0.01700165325138819 0.012751239938541152
0 0.9218986553764352 0.3517217016380932 0.0180642565796002 0.019126859907811707
0 0.7223948805046772 0.41202444051411063 0.013282541602647057 0.011157334946223401
0 0.8100596550821474 0.7241641681763156 0.013282541602646915 0.014876446594964676
0 0.8770036647594884 0.7207107073596275 0.01434514493085885 0.012219938274435264
0 0.7059245289173947 0.8990526838198823 0.015407748259070502 0.010626033282117647
0 0.6666082057735596 0.8674402348055825 0.013282541602646915 0.011157334946223613
0 0.11130769863018206 0.7658713488086274 0.013282541602647023 0.01647035158728215
0 0.5296975367922202 0.27588727850343386 0.016651821113190836 0.011977625712996981
0 0.7239267172018196 0.026156389617520294 0.016347743510950464 0.013895581984307655
0 0.2394195792015306 0.5961098824479102 0.011317668584504012 0.01603336382804727
