0 0.07394072129195134 0.5296467055859955 0.014876446594964659 0.01753295491549416
0 0.30611954850622136 0.49776860573964254 0.01700165325138819 0.016470351587282224
0 0.4046760071978622 0.3723814130106547 0.01434514493085878 0.017532954915494087
0 0.47268262020341495 0.4581866317637545 0.017532954915494087 0.018064256579599983
0 0.9824670450845058 0.6683164399176305 0.01168863661032958 0.018595558243705738
0 0.919242147055906 0.36202103056059004 0.015939049923176327 0.015939049923176397
0 0.8244048000130063 0.2095374529622022 0.015407748259070786 0.01700165325138819
0 0.6148062935232361 0.1688928756581023 0.019126859907811707 0.016470351587282293
0 0.5197032956482834 0.040113275639994006 0.018064256579599983 0.016470351587282307
0 0.9481980877496764 0.006906921633376452 0.015407748259070644 0.012751239938541142
0 0.3494211123023486 0.16364091254461133 0.016470351587282293 0.019126859907811707
0 0.31169869415083107 0.008766477457747035 0.013282541602647023 0.015407748259070547
0 0.06083404054012337 0.11794896943150558 0.016470351587282314 0.01912685990781169
0 0.10094731618011737 0.17612650165109955 0.01700165325138819 0.018595558243705845
0 0.21278631647440527 0.3785524356754402 0.01647035158728233 0.015407748259070573
