0 0.37211677861812575 0.9509567694671495 0.03310418060967415 0.0384171972507329
0 0.30182148152104005 0.8275313059594755 0.05926057022719441 0.04332152030401801
0 0.6590196772353016 0.926639500994611 0.041278052365149163 0.0347389549607692
0 0.7342192973856726 0.9090656767203396 0.038008503662959325 0.034738954960769064
0 0.7047933590659622 0.8387703796232537 0.03392156778522164 0.03719111648741176
0 0.6532979670064691 0.810161828479091 0.03964327801405425 0.03800850366295904
0 0.8606354865691496 0.4521462455892818 0.034330261372995496 0.03555634213631656
0 0.6677321131399373 0.09481691236351107 0.040869358777375596 0.03269548702190038
0 0.22797781269537737 0.21497282716899493 0.04332152030401801 0.030243325495257878
0 0.18567802636079378 0.163273088315615 0.0339215677852216 0.040460665189601744
0 0.11660881002702923 0.12914717373650647 0.036373729311864195 0.04168674595292298
0 0.07471771728021938 0.2264162476266601 0.026156389617520297 0.0384171972507329
0 0.2377864588019475 0.3443243476993883 0.03596503572409041 0.042912826716244155
0 0.2820712548836862 0.7269253673904614 0.042302715797652546 0.04935316843059468
0 0.03470992065448417 0.9308513299461447 0.04013334575674733 0.03850631822606843
0 0.09545228179983148 0.6076151938512608 0.03470992065448417 0.05260722349195255
