0 0.4409421939007737 0.790196859353664 0.017068730086481524 0.032715065999089604
0 0.33248463814292206 0.42037437414656353 0.02489189804278567 0.02418070095584888
0 0.5309086253982703 0.4285531406463359 0.019202321347291686 0.0206247155211652
0 0.8072086936731906 0.4943388711879836 0.024180700955848806 0.025603095129722392
0 0.21335912608101953 0.2535417614929449 0.02133591260810192 0.02773668639053252
0 0.23931781975421024 0.2240270823850705 0.022047109695038678 0.019913518434228478
0 0.3452861857077832 0.25283056440600815 0.023469503868912157 0.022047109695038713
0 0.37800125170687293 0.251763768775603 0.024891898042785597 0.022758306781975435
0 0.9498037096040052 0.20766954938552565 0.017779927173418458 0.0227583067819754
0 0.629765020482476 0.2371842284934 0.022047109695038786 0.023469503868912122
0 0.6557237141556667 0.2354062357760582 0.019913518434228478 0.01706873008648156
0 0.8128982703686845 0.20518035958124714 0.022758306781975504 0.019202321347291794
0 0.8189434456076466 0.18526684114701858 0.013512744651797987 0.020624715521165234
0 0.6439479523740123 0.06402824274790495 0.02338748417451577 0.021253892913705618
0 0.954426490669094 0.47650204824761017 0.02560309512972225 0.028447883477469346
0 0.6839082712458635 0.038049044151115104 0.029343624876797727 0.01777992717341828
0 0.2844788347746927 0.08854403732362309 0.02844788347746924 0.03342626308602639
0 0.009686429780278756 0.8017103242176994 0.019372859560557513 0.02885932338348056
