0 0.5800591646907115 0.7306300562983182 0.01519522759342827 0.016576611920103373
0 0.5648639370972833 0.871185911537529 0.016576611920103373 0.013123151103415154
0 0.7340835171150064 0.9247145541961966 0.013813843266752883 0.01105107461340225
0 0.7561856663418112 0.9361109748912676 0.013813843266753025 0.013123151103415154
0 0.7054197923364941 0.6663956851079171 0.017267304083440963 0.015195227593428057
0 0.8021166952037646 0.6784827979663259 0.014504535430090613 0.015885919756765787
0 0.8366513033706469 0.5686627439956403 0.011741766776739979 0.0145045354300904
0 0.9039937892960671 0.5728068969756663 0.0151952275934282 0.011741766776739979
0 0.9167715943178137 0.5783324342823675 0.014504535430090329 0.014504535430090471
0 0.8494291083923933 0.4104942385913196 0.015195227593428342 0.014504535430090542
0 0.7437532074017335 0.36974340095439856 0.013813843266753025 0.014504535430090684
0 0.8356152651256403 0.35696559593265215 0.012432458940077709 0.017957996246778834
0 0.9430178965246442 0.38632001287450196 0.010360382450064947 0.011741766776739907
0 0.974444389956507 0.3807944755678008 0.0151952275934282 0.015885919756765857
0 0.9564863937097283 0.3096531827440234 0.01657661192010323 0.01312315110341526
0 0.7893388901820181 0.2302235839601942 0.013813843266752883 0.011741766776739979
0 0.8117863854904915 0.14872190868635204 0.014504535430090471 0.015885919756765857
0 0.8376873416156532 0.18118444036322137 0.016576611920103516 0.015885919756765822
0 0.8521918770457438 0.18187513252655904 0.015195227593428342 0.011741766776739944
0 0.9219517855428458 0.2063947043250454 0.012432458940077567 0.01381384326675292
0 0.7102546374798577 0.07792596194424338 0.017267304083441105 0.015195227593428182
0 0.791410966672031 0.0568598509624452 0.016576611920103516 0.015885919756765832
