0 0.1059459531382733 0.8847792635268148 0.04024059941156968 0.03489614480222059
0 0.2453733425057042 0.957715349960285 0.027979791778357067 0.036153663533832085
0 0.18642715196141268 0.9754778020442981 0.02766541209545416 0.03206672765609454
0 0.18925656910753866 0.7594989598900139 0.03835432131415231 0.04024059941156977
0 0.12669501220986393 0.5474498637720159 0.030809208924483043 0.03426738543641484
0 0.18312616529093234 0.48205888972821515 0.03678242289963794 0.03552490416802641
0 0.015404604462241522 0.48916125089103135 0.030809208924483043 0.03526816108012589
0 0.04998636958155922 0.42295550934247217 0.03646804321673504 0.03803994163124948
0 0.27099528666228956 0.33052788256902305 0.028294171461259943 0.038668700997055154
0 0.30982117750079624 0.32203963113064504 0.03929746036286101 0.03678242289963787
0 0.23515600281136034 0.25491956883087846 0.03206672765609461 0.0377255619483466
0 0.26879462888196937 0.08315342612781391 0.03961184004576388 0.0317523479731917
0 0.32381107338997484 0.13989895889178525 0.028922930827065728 0.04086935877737545
0 0.07450798484798449 0.20230332594800857 0.040240599411569676 0.034267385436414805
0 0.3967471598234449 0.30730614003757317 0.03206672765609468 0.03678242289963794
0 0.4478338582951642 0.2813698161980849 0.03803994163124948 0.038354321314152354
0 0.4973486583523691 0.34974739722946313 0.028922930827065728 0.0330098667048032
0 0.5770439079682512 0.20591869230139173 0.03741118226544373 0.029551690192871474
0 0.467954158000949 0.12417997474664082 0.03741118226544373 0.028922930827065728
0 0.6135119511849862 0.13927019952597944 0.031123588607385812 0.029551690192871457
0 0.6701002941075064 0.18941375894899015 0.028608551144162817 0.040554979094472546
0 0.8087417342676798 0.21299223516670673 0.03866870099705537 0.034267385436414805
0 0.7570262764301547 0.17338039512094283 0.03583928385092918 0.03363862607060902
0 0.8683166841777771 0.21346380469106108 0.032695487021900366 0.04149811814318124
0 0.837507475253294 0.19302912530237337 0.029551690192871547 0.03709680258254082
0 0.8074842155360683 0.28121262635663347 0.028608551144162674 0.04118373846027833
0 0.9616874499999349 0.11836395061293739 0.03646804321673514 0.03552490416802636
0 0.7008677317179018 0.4022488042742454 0.02797979177835714 0.03552490416802641
0 0.9402678602484512 0.43007140621115103 0.02829417146125991 0.042126877508987096
0 0.946241074223606 0.518883666631217 0.031437968290289005 0.03992621972866679
0 0.8113721902582671 0.6616120426691282 0.042126877508987234 0.02797979177835714
0 0.9287930018224958 0.5882043867113038 0.032381107338997454 0.04149811814318127
0 0.9302077103955587 0.6949362890568344 0.03583928385092918 0.039297460362861046
0 0.7376501546175396 0.5842746406750177 0.034267385436414916 0.024207235583522363
0 0.6796471031219568 0.6100537746730545 0.04275563687479291 0.03363862607060909
0 0.5773165163370669 0.5814452235288917 0.03489614480222059 0.036153663533832085
0 0.596493676994143 0.5740573009806738 0.03426738543641484 0.040240599411569634
0 0.511925542293266 0.4097939166639148 0.02986606987577446 0.03803994163124948
0 0.46681205779670165 0.4827300030973848 0.02640789336384266 0.03175234797319178
0 0.5601828236188593 0.43494429129614576 0.03332424638770618 0.030494829241580205
0 0.6251022281383058 0.7510530624549999 0.03175234797319185 0.028922930827065728
0 0.4968353175139275 0.7031101608123095 0.029866069875774386 0.03175234797319178
0 0.6629849799281038 0.9619600583687503 0.036468043216735 0.030180449558677366
0 0.786221815626036 0.9176325230794431 0.04024059941156977 0.04149811814318127
0 0.7887368530892591 0.8775491135093249 0.04149811814318127 0.030494829241580135
0 0.7827636391141042 0.8380944633050125 0.037725561948346635 0.03143796829028872
0 0.8714249972863766 0.8061454424959844 0.03294070317456445 0.03719111648741176
0 0.8924114130185589 0.9764276258419193 0.03878502147972924 0.037722418151517445
0 0.9197734487200117 0.07305397881455863 0.03400330650277638 0.043035434792576356
0 0.5688486995780775 0.08978998123389388 0.03347200483867049 0.03825371981562343
0 0.539892758884307 0.10572903115707032 0.035065909830988104 0.04462933978489401
