0 0.35656398500475434 0.9314620853303412 0.03187809984635287 0.02869028986171756
0 0.24631888970278404 0.7954488593192356 0.026033781541188183 0.0286902898617177
0 0.1580622450714996 0.46258836675690135 0.026033781541188166 0.028158988197611805
0 0.3320635400661756 0.5335171389150364 0.025502479877082287 0.02869028986171749
0 0.5504285240136927 0.4535562384671013 0.027627686533505908 0.026033781541188076
0 0.584697481348522 0.46976093922233064 0.028158988197611805 0.026565083205293973
0 0.4327452054142401 0.2636158935492488 0.028158988197611663 0.027627686533505766
0 0.5477720156931634 0.1679815940101902 0.027627686533505766 0.025502479877082287
0 0.09882210952369386 0.21234528296303132 0.02762768653350584 0.02603378154118815
0 0.3692546565535872 0.0459575939451587 0.029752893189929353 0.021783368228341118
0 0.4205252671398048 0.04117587896820577 0.029221591525823456 0.02815898819761169
0 0.13601322601110552 0.02443987654887052 0.024439876548870546 0.021252066564235235
0 0.7472757905649214 0.14292014764448197 0.02284597155655291 0.023377273220658773
0 0.5509598256777984 0.060302738876017475 0.027627686533505908 0.022845971556552866
0 0.6197633911795101 0.05791188138754102 0.024971178212976498 0.022314669892447004
0 0.593463958806269 0.018861209075758775 0.023377273220658735 0.027096384869399928
0 0.8847075388890236 0.10068166534806444 0.02656508320529383 0.026033781541188166
0 0.918445194559747 0.535552077418728 0.023908574884764847 0.026565083205294045
0 0.613534941771197 0.014079494098805847 0.023377273220658735 0.022845971556552883
