0 0.22837632776934746 0.8110773899848255 0.044006069802731425 0.034901365705614466
0 0.40743550834597875 0.8414264036418817 0.04097116843702579 0.04400606980273153
0 0.4977238239757208 0.795144157814871 0.027314112291350483 0.05159332321699537
0 0.5212443095599392 0.80804248861912 0.03490136570561476 0.03490136570561433
0 0.7094081942336874 0.8125948406676784 0.031866464339908876 0.04097116843702579
0 0.830804248861912 0.7966616084977238 0.034901365705614466 0.039453717754173
0 0.822989571770326 0.7294389310975571 0.03398779249418501 0.03732851109774811
0 0.882246602711049 0.6915791183357018 0.0339877924941802 0.04005759522559244
0 0.7332865646188477 0.5977959730883606 0.03931632314383535 0.03187809984635287
0 0.5497218396702658 0.7409817715648955 0.03347200483867042 0.03772241815151773
0 0.5446744738612599 0.84166343691296 0.026565083205294115 0.04250413312847044
0 0.1272467485533585 0.5319232339227188 0.03453460816688226 0.03825371981562355
0 0.23802314551943468 0.5683173979139716 0.029752893189929318 0.04197283146436462
0 0.27308905535042277 0.6434965833849537 0.037191116487411656 0.03294070317456473
0 0.13096586020209966 0.3464989531497663 0.037722418151517535 0.038253719815623484
0 0.024439876548870525 0.3212621241047369 0.03294070317456462 0.04622324477721161
0 0.12963760604183494 0.2107513779707137 0.03294070317456461 0.039847624807941066
0 0.26432257789267577 0.1892336605744255 0.030284194854035176 0.03506590983098814
0 0.3047015043647227 0.218189601268196 0.035597211495094074 0.035597211495094004
0 0.3445491291726638 0.29204053257891344 0.040910228136152825 0.036659814823305756
0 0.40564882054484 0.28460230928143115 0.04303543479257634 0.03347200483867049
0 0.4303543479257636 0.02789333736555875 0.038253719815623415 0.027096384869399935
0 0.5913387521498454 0.09218083872237035 0.03825371981562327 0.04091022813615286
0 0.6649240326285102 0.15009272010991137 0.037722418151517584 0.038785021479729294
0 0.4885318801453576 0.2258032072449994 0.03878502147972931 0.03400330650277638
0 0.5071274383890634 0.32435966593664034 0.035597211495094074 0.03134679818224697
0 0.6364993935988453 0.3129366801583639 0.03931632314383521 0.029752893189929353
0 0.7010525457877099 0.3668637990651108 0.037722418151517445 0.03878502147972931
0 0.42477568045265174 0.13946668682779376 0.032409401510458694 0.03878502147972931
0 0.05791188138754102 0.03772241815151754 0.04250413312847047 0.038253719815623415
0 0.023111622388605823 0.06481880302091747 0.035597211495094025 0.04037892647204694
0 0.6003708804396455 0.04994235642595281 0.03612851315919983 0.03400330650277638
0 0.8435316599208178 0.1142298577827644 0.037722418151517445 0.037191116487411656
0 0.8483133748977707 0.23271012887837586 0.036659814823305936 0.043566736456682235
0 0.9633401851766942 0.12033982691998203 0.03825371981562327 0.03878502147972931
0 0.8100596550821474 0.03373765567072343 0.04622324477721151 0.03878502147972931
0 0.5834594953409892 0.5910731013177926 0.040378926472046925 0.029221591525823598
0 0.6466843933695889 0.593463958806269 0.04144152980025858 0.03506590983098817
0 0.628620136789989 0.7738408737702156 0.04250413312847044 0.027096384869399942
0 0.12432458940077615 0.9545737077189469 0.04144152980025872 0.027096384869399942
0 0.022580320724499944 0.7643677119690415 0.02709638486939993 0.03347200483867042
