0 0.017034488462713604 0.041457138860961716 0.015192922142420242 0.01680429267267694
0 0.07343245702169783 0.30434073108283927 0.017494880042786952 0.01588350951253023
0 0.04603915800733407 0.4562699525070417 0.017034488462713607 0.019106250573043725
0 0.20452895944758162 0.7928161975406538 0.014502334772310199 0.019566642153116903
0 0.052714835918397505 0.9776710083664429 0.02025722952322699 0.01703448846271357
0 0.43242279158388514 0.916554026111707 0.01588350951253027 0.01818546741289694
0 0.46603137692923874 0.9331281229943476 0.01864585899297025 0.014502334772310886
0 0.5009060391197946 0.8857077902467932 0.01749488004278689 0.014502334772310235
0 0.33723683240372204 0.7617473573120462 0.011970181081906901 0.01703448846271357
0 0.6778115037629757 0.9328979272043105 0.014502334772310378 0.015423117932457018
0 0.9023674969437476 0.9149426555814505 0.01243057266198008 0.01772507583282362
0 0.9278041317427997 0.8994044397539751 0.01680429267267698 0.012890964242053542
0 0.7457487499044976 0.7172044719399504 0.016343901092603516 0.012660768452016953
0 0.8325325627483224 0.7230744645858855 0.014502334772310235 0.013351355822127004
0 0.8380572617092023 0.4048287848601889 0.012200376871943633 0.01634390109260366
0 0.5932440390052035 0.4085119175007756 0.014272138982273433 0.014502334772310235
0 0.57620955054249 0.4029872185398955 0.01657409688264025 0.012660768452016882
0 0.39665683431388715 0.6938395992512284 0.011970181081906972 0.01749488004278703
0 0.5377373655256619 0.3286044902773469 0.015192922142420144 0.014502334772310164
0 0.9837711968024148 0.08494224652353129 0.015883509512530092 0.014732530562346881
0 0.8823699512912614 0.08045342861781628 0.013811747402200042 0.017725075832823612
0 0.3479704247211313 0.1146375034382618 0.0172646842527503 0.015192922142420233
0 0.6227423244653472 0.6962660583883565 0.012041010555764302 0.015936631617923355
0 0.6183154823492573 0.6154319213485566 0.017353221095071945 0.01540541056399256
