0 0.08582565343248845 0.9539433764547267 0.03898308067995812 0.03363862607060895
0 0.16394900463385617 0.9588162615397215 0.03300986670480327 0.037725561948346496
0 0.2813698161980849 0.8676749717953851 0.028922930827065693 0.0390407172749606
0 0.3095067978178934 0.8519271693527395 0.036153663533832085 0.028922930827065586
0 0.3335568435599644 0.832278439171309 0.03269548702190047 0.04244125719188986
0 0.34518889182737117 0.7513256708238154 0.030809208924483043 0.03835432131415246
0 0.4097939166639148 0.9812944088672779 0.040554979094472546 0.03175234797319163
0 0.6502943740846243 0.8838367071673826 0.029866069875774316 0.040554979094472546
0 0.648093716304304 0.8247333267816397 0.037411182265443654 0.031123588607385955
0 0.9078867529094538 0.8017836099297289 0.03583928385092932 0.03615366353383223
0 0.8094859121608496 0.31716732873492687 0.04212687750898681 0.03206672765609461
0 0.6651856377084241 0.09462828455376933 0.03458176511931782 0.04086935877737544
0 0.3960766291435518 0.08818350105426014 0.032695487021900366 0.03741118226544367
0 0.3651102303776173 0.09054134867603178 0.036153663533832085 0.038354321314152354
0 0.2935888525172102 0.17495229353545724 0.03080920892448308 0.04118373846027833
0 0.18559943144006813 0.10295934615069587 0.03426738543641484 0.03552490416802636
0 0.14933034937887185 0.041655307984632683 0.03835432131415237 0.03615366353383215
0 0.22635337169007952 0.3502189667538174 0.032695487021900366 0.03961184004576388
0 0.07215013722621283 0.3838575928244265 0.038668700997055244 0.03332424638770611
0 0.05517363434945687 0.340158816900925 0.036153663533832134 0.04149811814318124
0 0.40712168935924015 0.4149811814318123 0.0314379682902888 0.04275563687479284
0 0.46150937450143986 0.35037615659526894 0.0314379682902888 0.04118373846027829
0 0.5034790621689754 0.35965035724090405 0.029237310509968636 0.036468043216735
0 0.542304953007482 0.27728288032034737 0.036468043216735 0.03395300575351193
0 0.5481209771411855 0.4341583420888886 0.03866870099705537 0.029551690192871547
0 0.5350742203007157 0.23672790122587478 0.029551690192871547 0.03332424638770611
0 0.6114684832461176 0.4462619598806497 0.03521052448512336 0.02986606987577446
0 0.15247414620790076 0.5273719180695949 0.03646804321673503 0.03363862607060895
0 0.22981154820201122 0.6789029252287869 0.03395300575351193 0.03803994163124941
0 0.5352854865914235 0.7086846832640166 0.03964327801405418 0.035147648548542916
0 0.30989097293419776 0.6655675097538856 0.027791163968615286 0.03800850366295904
0 0.3350256285822837 0.6265372721214919 0.03392156778522164 0.039234584426280535
0 0.36741194204882993 0.027979791778357046 0.040554979094472546 0.035210524485123476
0 0.5088634712922245 0.9814515987087294 0.045585054020918746 0.0308092089244829
0 0.7664976214311414 0.9592878310640757 0.037725561948346496 0.03175234797319163
