0 0.370977716200552 0.23613360091324537 0.016095821056948054 0.011956895642304274
0 0.22209137142378219 0.4538870657836717 0.015865880756134522 0.014256298650439732
0 0.42075979132668434 0.44893760045779907 0.015865880756134557 0.014014860632863417
0 0.2660409280412706 0.6264572615442365 0.016095821056948054 0.014486238951253227
0 0.1778588226792764 0.7901747557234801 0.016325761357761658 0.014026358349626377
0 0.06472819467901268 0.9793053729267811 0.013566477747999102 0.016095821056947984
0 0.32812480926092763 0.8797412226745164 0.019314985268337706 0.013796418048812455
0 0.7276460819244605 0.8990562079428541 0.017705403162642738 0.014256298650439874
0 0.8920533970061447 0.9422849844958006 0.014486238951253227 0.01931498526833778
0 0.9322825814104112 0.8148980578450972 0.011726955341490708 0.01655570165857526
0 0.793283669568624 0.7650010125685579 0.012876656845558472 0.017935343463456377
0 0.7628165797108292 0.772014191743371 0.014946119552880504 0.015406000154507495
0 0.7536189676782874 0.7552285497839821 0.017245522561015747 0.015865880756134487
0 0.4227348748075974 0.740282430231102 0.014946119552880362 0.009887432934982314
0 0.49838523377525346 0.6302559962918209 0.014026358349626164 0.012876656845558544
0 0.5326463385964716 0.6169194588446355 0.014946119552880433 0.012416776243931338
0 0.5044786517468124 0.58185356297057 0.013336537447185534 0.011726955341490708
0 0.6722201011902927 0.6343949217064648 0.011726955341490708 0.015176059853693928
0 0.9674634474348836 0.5664475628160626 0.015406000154507495 0.014486238951253227
