0 0.19864237852785904 0.8391281637475465 0.016477247988486 0.013120771546387005
0 0.3058970575640225 0.891153548600081 0.016782382210495078 0.014646442656432158
0 0.3878255961734391 0.8031223255504844 0.015256711100450033 0.013120771546387147
0 0.36738160329883596 0.7329414544884145 0.01586697954446798 0.016172113766477026
0 0.22473135450962853 0.72668620293723 0.016172113766477026 0.014646442656432015
0 0.36158405308066505 0.6983087202903928 0.015256711100450033 0.015256711100449962
0 0.21695043184839904 0.6076748031309236 0.01830805332054002 0.015561845322458936
0 0.17118029854704905 0.48684165121535955 0.016477247988486 0.013120771546386934
0 0.22915580072875905 0.4769247890000671 0.017697784876522002 0.01586697954446805
0 0.4032348743848935 0.5980630751376401 0.012510503102368986 0.018308053320539985
0 0.4117786326011455 0.42093265926141554 0.01434130843442297 0.019223455986567117
0 0.3235948424405446 0.37790873395814656 0.016172113766476953 0.021664529762638905
0 0.16095830210974754 0.26943351803394705 0.015561845322459043 0.015256711100450033
0 0.19421793230872855 0.200778318081922 0.01434130843442297 0.017697784876522002
0 0.49874188587371066 0.2500574949363756 0.013120771546386934 0.013731039990405059
0 0.5864679747012981 0.06117941151280451 0.014646442656431944 0.01922345598656701
0 0.8330164260845702 0.25722814915358705 0.014646442656432158 0.015256711100449998
0 0.8540706874031911 0.25646531359856456 0.017087516432503946 0.015561845322459007
0 0.8496462411840606 0.24166630383112803 0.0143413084344229 0.014646442656432015
0 0.8443063922989031 0.3264936175496301 0.012815637324378031 0.020749127096611985
0 0.6915867141833987 0.379892106401205 0.01495157687844113 0.012205368880360012
0 0.6705324528647776 0.42703534370159557 0.015561845322458936 0.018613187542549026
0 0.8334741274175834 0.4195595552623751 0.016172113766476884 0.016477247988486
0 0.8549860900692181 0.4036925757179071 0.013425905768395979 0.02196966398464795
0 0.8682594287266098 0.43283289391976665 0.0186131875425491 0.0167823822104949
0 0.6346791817787202 0.5274245027425566 0.014646442656432015 0.01739265065451285
0 0.6802967479690656 0.57060099515683 0.014951576878440988 0.017087516432504016
0 0.6766351373049576 0.6092004742409687 0.01922345598656719 0.014951576878441059
0 0.6471896848810892 0.642002403106936 0.020138858652593968 0.01647724798848593
0 0.6641246342025886 0.6497833257681654 0.012510503102368788 0.01800291909853115
0 0.7735152527928152 0.6493256244351522 0.018308053320540127 0.018918321764558002
0 0.8423981743323514 0.5712112636008481 0.016172113766477026 0.01647724798848607
0 0.8524676036586485 0.5506147036152406 0.01495157687844113 0.018613187542549026
0 0.8546035432127116 0.6207955746773105 0.012510503102369199 0.013731039990405022
0 0.8375160267802076 0.690823878628376 0.01128996621433302 0.01952859020857602
0 0.851399633881617 0.6876199692972815 0.011595100436341994 0.019833724430584853
0 0.7966280410310014 0.8060120474367737 0.016782382210494974 0.016172113766477026
0 0.7365165992952285 0.851934747849128 0.01617211376647717 0.014646442656432015
0 0.5924932465069804 0.9004510891485592 0.019833724430584922 0.014646442656431873
0 0.6248374740399344 0.9433148185196757 0.019223455986566905 0.013105513904090885
0 0.6179719540447319 0.967655772467046 0.012815637324377889 0.01952859020857602
0 0.8474328889954998 0.9388205884871955 0.018308053320539985 0.01739265065451292
0 0.91151107561739 0.9186817298346015 0.012815637324377889 0.01800291909853115
0 0.91761376005757 0.8726064623112424 0.021359395540629864 0.014951576878440988
0 0.881607921860508 0.7841175379286324 0.01891832176455807 0.01739265065451306
0 0.981997080901469 0.8398045334452751 0.015256711100450104 0.018308053320540127
0 0.9781829031263564 0.772675004603295 0.019833724430585134 0.016477247988486
0 0.8957966631839264 0.6660305940111496 0.013731039990404809 0.016782382210495116
0 0.905103256955201 0.6538252251307896 0.01891832176455807 0.01739265065451306
0 0.9147149849484845 0.4261950955120753 0.013731039990405093 0.018613187542549026
0 0.6578922911062997 0.27079489565409814 0.01703857629028363 0.015245041943937991
0 0.7517539218983884 0.18336009626974797 0.015245041943937991 0.013152585206534723
0 0.9638303906820294 0.04304482431229546 0.019131033027686897 0.019728877809802085
0 0.41575130527526 0.9710236666394999 0.01584288672605318 0.01614180911711088
0 0.4701543365668407 0.7268990300013033 0.017475462861829244 0.015176059853694
0 0.504300471237652 0.6907984027735771 0.014946119552880362 0.020234746471592048
0 0.5529328448597166 0.78507392610713 0.01701558226020225 0.015176059853694
0 0.9940215521788478 0.5745311015239196 0.011956895642304345 0.017693905445880134
