0 0.045427864179467335 0.0886151696799156 0.023578476217716613 0.017919641925464615
0 0.1351832636482419 0.13357146433502862 0.025150374632231055 0.020434679388687708
0 0.05878900070284008 0.13262832528631996 0.016347743510950172 0.024207235583522398
0 0.23877136916474356 0.18638725106271384 0.01854840129127041 0.025464754315133932
0 0.22148048660508468 0.20462127267108138 0.025464754315133932 0.02232095748610508
0 0.030494829241580153 0.26026647654489254 0.018234021608367516 0.021063438754493406
0 0.10688909218698198 0.3030221134196853 0.02200657780320217 0.021063438754493582
0 0.18831343005883 0.31056722580935464 0.022006577803202206 0.02232095748610501
0 0.2577913399803683 0.2641962225811787 0.018862780974173248 0.026407893363842624
0 0.2568482009316596 0.21138043585349345 0.018862780974173248 0.025779133998036805
0 0.13812189328566682 0.26281086786025587 0.023688661975612146 0.012263204069857656
0 0.17605262242561737 0.3788275178979802 0.02200657780320217 0.018862780974173248
0 0.13596921285549915 0.4420178341614608 0.020434679388687746 0.013832706047727185
0 0.15624670240273544 0.4240981922359961 0.020120299705784852 0.02012029970578496
0 0.1251231137953495 0.4772283586465842 0.021377818437396404 0.018862780974173248
0 0.21314942500815817 0.5151111104363822 0.020749059071590636 0.021063438754493617
0 0.2293399786776569 0.5086663269368731 0.01791964192546466 0.02640789336384259
0 0.21912263898331308 0.5448199904707052 0.0182340216083675 0.023264096534813632
0 0.0770230223112076 0.5683984666884219 0.022635337169007945 0.017605262242561606
0 0.02766541209545416 0.7526249608695141 0.016347743510950183 0.022635337169007955
0 0.16677842177998214 0.7075114763729498 0.01980592002288194 0.021692198120299225
0 0.16740718114578793 0.7754174878799737 0.01791964192546459 0.022320957486105186
0 0.1582901703416042 0.8060695069630054 0.01540460446224154 0.02515037463223095
0 0.17290882559658846 0.8469388657403806 0.02137781843739642 0.023892855900619594
0 0.26297860474826595 0.8216313012666983 0.020434679388687725 0.022949716851910863
0 0.014147085730629966 0.8463101063745748 0.02326409653481372 0.01760526224256168
0 0.01917716065707618 0.8197450231692808 0.026407893363842607 0.01791964192546459
0 0.25370440410263073 0.916102395979016 0.018234021608367533 0.022635337169007955
0 0.26046356728504283 0.9618028685272989 0.018548401291270337 0.020434679388687725
0 0.18123988719351503 0.9096158411654196 0.017919641925464625 0.023578476217716825
0 0.14178523698920256 0.982394737757438 0.022635337169007938 0.019491540339979282
0 0.0795380597744307 0.9894682806227532 0.021377818437396386 0.02106343875449369
0 0.3587072181921954 0.9493848710526349 0.016347743510950183 0.02389285590061945
0 0.387919528239799 0.9115703242369437 0.02294971685191074 0.017948650925389414
0 0.35536643555627484 0.8873115274607621 0.021563453641538374 0.01823402160836752
0 0.555351709847952 0.9737492964776088 0.01791964192546466 0.014775845096435774
0 0.6174416972212724 0.9801940799771179 0.019491540339979067 0.0182340216083675
0 0.6435821432998382 0.9373118310721533 0.02169219812029927 0.021377818437396386
0 0.7212118873202824 0.9679955137861278 0.022320957486104295 0.017359375861750168
0 0.6683712058515403 0.888552402410926 0.023264096534813632 0.016662123193853233
0 0.5731141619319651 0.8234758080500282 0.025150374632231163 0.019805920022881906
0 0.6091597016958479 0.8473761556873914 0.020749059071590577 0.015090224779338524
0 0.5166830088508967 0.8784922525580336 0.022320957486104975 0.024207235583522505
0 0.6051808895880597 0.8483118029993563 0.022635337169008025 0.017919641925464733
0 0.6292309353301306 0.8481546131579049 0.019177160657076087 0.022635337169007955
0 0.6358329086710913 0.8085427731121411 0.022320957486105044 0.018234021608367356
0 0.6462074382068866 0.8234758080500284 0.017919641925464518 0.02483599494932804
0 0.48021496563416166 0.7389076733491513 0.022320957486105117 0.021063438754493548
0 0.5575523676282722 0.7176870447532063 0.017919641925464733 0.023264096534813632
0 0.7790328542333569 0.8657598754004667 0.01760526224256168 0.020749059071590636
0 0.8087417342676798 0.8490977522066134 0.019177160657076087 0.024521615266425413
0 0.7796616135991628 0.7945528772229625 0.021377818437396456 0.027979791778356997
0 0.8114139615723543 0.9308364697613644 0.019491540339979282 0.024521615266425413
0 0.9278498627737869 0.8456395756946818 0.02294971685191072 0.023264096534813775
0 0.8608869903154719 0.8802213408139994 0.01854840129127041 0.02452161526642513
0 0.9790937510869578 0.9690336012340655 0.015404604462241593 0.022320957486105044
0 0.7903087515037736 0.7071553253759596 0.02515037463223109 0.019805920022882048
0 0.8234758080500282 0.6537107792824686 0.01666212319385295 0.022949716851910863
0 0.9845432867892151 0.6019894964721206 0.02169219812029931 0.01766643584138186
0 0.7895228022965162 0.5905204630189881 0.022320957486105186 0.0160333638280472
0 0.776263769521681 0.5805386132221539 0.02442678148850419 0.018007063525390474
0 0.7266468657159386 0.6161424071755734 0.022949716851910863 0.022006577803202133
0 0.8362081852075951 0.520413793731644 0.018862780974173175 0.023578476217716682
0 0.6892356834504949 0.5351896388280797 0.02357847621771654 0.01917716065707623
0 0.6859346967800147 0.49164805274602985 0.020120299705784675 0.020749059071590567
0 0.6790183437561512 0.618814634480248 0.01949154033997914 0.021692198120299294
0 0.6585836643674634 0.6229015703579855 0.021377818437396456 0.01980592002288198
0 0.7025968199738675 0.6678578650130987 0.020120299705784817 0.021063438754493548
0 0.8905958703497947 0.4795444349542686 0.01697650287675586 0.023578476217716613
0 0.9201475605426662 0.489604584807161 0.019491540339978998 0.01791964192546466
0 0.9099302208483223 0.46272512191896403 0.017290882559658768 0.02452161526642527
0 0.8402951210853327 0.47734377717394827 0.02515037463223109 0.01854840129127041
0 0.7433877726450198 0.43863841947587956 0.021692198120299322 0.014775845096435676
0 0.634376428783941 0.4086518164596673 0.01823402160836757 0.023892855900619524
0 0.5636410001307911 0.38978903548549404 0.020120299705784887 0.022635337169007955
0 0.6049819284325209 0.3457758798790897 0.02609351368093968 0.0182340216083675
0 0.6537107792824686 0.34719058845215267 0.021692198120299225 0.01917716065707623
0 0.7186301838019149 0.3025486734799426 0.020749059071590636 0.022949716851910898
0 0.7582420238476789 0.292802903309953 0.018862780974173318 0.024835994949328217
0 0.7360782562030252 0.2943748017244674 0.022320957486105044 0.017290882559658875
0 0.49196243242893267 0.3907321745342027 0.02640789336384259 0.01697650287675593
0 0.47875848574701135 0.3489196767081185 0.024521615266425344 0.01571898414514436
0 0.5125543016590719 0.5628550509235339 0.022320957486105044 0.022320957486105044
0 0.5744870991909409 0.6166139766999278 0.01980592002288212 0.021692198120299294
0 0.37815698721808716 0.6368914662471642 0.018862780974173248 0.02200657780320199
0 0.5438350801079092 0.6732023196224476 0.02452161526642527 0.01854840129127041
0 0.39497630025339164 0.7464527857388207 0.02546475431513386 0.014775845096435774
0 0.5614403423504709 0.2670237693119162 0.022635337169007883 0.02232095748610508
0 0.513340250866329 0.2643515420072416 0.02452161526642527 0.01949154033997914
0 0.5087817454642372 0.2401443064237192 0.02483599494932804 0.018862780974173248
0 0.4941630902092528 0.17946902762346176 0.023892855900619594 0.019491540339979102
0 0.6010521823962348 0.19393049303699464 0.020749059071590636 0.02640789336384259
0 0.4540796806391347 0.13985718757769788 0.02294971685191072 0.020120299705784817
0 0.40707991804515287 0.2261544105345407 0.022635337169007883 0.022949716851910863
0 0.3459330697205411 0.26482311153159593 0.022949716851910863 0.02106343875449351
0 0.325026820807499 0.177425559684593 0.02577913399803677 0.02294971685191083
0 0.3669965084750346 0.07435079500653305 0.021063438754493475 0.01980592002288195
0 0.4547084400049404 0.1608052078048273 0.019177160657076156 0.022320957486105096
0 0.7962819654789283 0.11239073663778253 0.02515037463223109 0.02294971685191083
0 0.8127868988313299 0.18548401291270403 0.023578476217716682 0.020120299705784852
0 0.8585291426937002 0.07985243945733358 0.021377818437396456 0.020749059071590626
0 0.8700040011196557 0.05800305149558285 0.02294971685191072 0.022320957486105054
0 0.7973822943690885 0.02279252701045939 0.019805920022881906 0.02294971685191083
0 0.9116593091042884 0.16049082812192442 0.022006577803202133 0.017919641925464608
0 0.9418397586629655 0.16111958748773017 0.01823402160836764 0.024835994949328165
0 0.9419969485044168 0.07340765595782439 0.018548401291270552 0.027351032412551265
0 0.9262779643592727 0.21786512025170146 0.02420723558352222 0.020120299705784852
0 0.9681219001536471 0.2746348502658207 0.024521615266425413 0.022886840915330282
0 0.8540963891647695 0.2860782707234858 0.025339002441972694 0.021252066564235256
0 0.991417434656751 0.31308951130330515 0.01716513068649789 0.025413930015476004
0 0.6908233008491546 0.24827411385441348 0.01920859862536645 0.01920859862536645
