0 0.1206373292867982 0.8019726858877086 0.044006069802731404 0.04400606980273139
0 0.20333839150227617 0.9795144157814871 0.045523520485584223 0.031866464339909015
0 0.30273141122913505 0.8930197268588771 0.047040971168437015 0.0379362670713202
0 0.6077389984825493 0.7314112291350532 0.04400606980273132 0.04248861911987859
0 0.5796661608497724 0.6122913505311077 0.04855842185128978 0.04400606980273139
0 0.29817905918057663 0.6509863429438544 0.03186646433990891 0.036418816388467404
0 0.32701062215477994 0.6206373292867982 0.047040971168437015 0.04855842185128978
0 0.20485584218512898 0.3952959028831563 0.04248861911987859 0.04400606980273146
0 0.2776934749620637 0.21547799696509862 0.045523520485584223 0.03641881638846737
0 0.2549317147192716 0.17526555386949924 0.042488619119878626 0.047040971168437036
0 0.8227478029480761 0.11487949631278745 0.04376597458072198 0.04486012394524001
0 0.8328686845698681 0.2694280940509619 0.04212475053394485 0.05087794545008926
0 0.7078621196736808 0.16630451644513577 0.038295227758131885 0.04267182521620393
0 0.030089107524246338 0.056348692272679524 0.03501277966457756 0.04267182521620391
0 0.10640602569938025 0.054160393543643416 0.041030601169426806 0.05798991631945658
0 0.9042619306046709 0.9699108924757536 0.0426718252162037 0.0448601239452401
