0 0.27743579210331143 0.7886058144162529 0.018165283764270016 0.017245522561015605
0 0.29767053857490333 0.6851326790501578 0.016785641959388718 0.014946119552880362
0 0.3314717627944944 0.6601841564118884 0.015865880756134557 0.015176059853693857
0 0.5146192123924828 0.8474705314245194 0.016555701658574 0.012646716544745923
0 0.44322274898987685 0.9089795618921431 0.015406000154507495 0.013336537447185463
0 0.08519288145141811 0.7074009672147651 0.013566477747999102 0.01724552256101589
0 0.11370547875229758 0.5521912641656228 0.01540600015450746 0.014946119552880362
0 0.17613427042317484 0.5243684877671839 0.012876656845558472 0.016785641959388684
0 0.3034062269234715 0.39433724765712475 0.01264671654474494 0.015176059853693857
0 0.3266301973056395 0.319031799140689 0.01540600015450746 0.014486238951253227
0 0.4456243029766486 0.3311036649334001 0.012876656845558472 0.017935343463456446
0 0.44056561635875063 0.27672278379099685 0.014716179252066865 0.014946119552880326
0 0.23315946502493382 0.304890470640656 0.01563594045532103 0.015176059853693963
0 0.42745901921237867 0.46573371105973016 0.017475462861829386 0.014486238951253227
0 0.6717705888267693 0.4628594572995609 0.014946119552880362 0.01839522406508351
0 0.8880190735038039 0.380080949006685 0.016095821056947984 0.017475462861829313
0 0.8185771026581138 0.050356925878166175 0.014716179252066865 0.015176059853693911
0 0.6494560114097518 0.2059115393785288 0.015406000154507495 0.015865880756134557
0 0.6124356229787713 0.1355498073295843 0.01724552256101589 0.0172455225610158
0 0.5835781152266716 0.15727916575646422 0.017475462861829244 0.017015582260202288
0 0.5787493689095872 0.049092254223691685 0.013336537447185676 0.01586588075613455
0 0.19152990233957873 0.10565756822382355 0.016555701658575225 0.016785641959388718
0 0.47218240772061293 0.25431397269977984 0.015406000154507495 0.020234746471591868
0 0.8050803658033513 0.702639687421856 0.014946119552880362 0.01747546286182953
0 0.7251776845527879 0.15720276395886845 0.01230139915765534 0.01626959243431825
0 0.17021533115187323 0.03500673841350828 0.019544925569151238 0.014716179252066825
0 0.007372725766803168 0.3412248180422408 0.014129240150126742 0.016949854808844478
