0 0.10155382907880134 0.9528301886792453 0.02774694783573807 0.02774694783573807
0 0.20865704772475027 0.9667036625971143 0.024417314095449498 0.02663706992230857
0 0.1309655937846837 0.8612652608213096 0.031076581576026642 0.02441731409544957
0 0.05216426193118757 0.795227524972253 0.024417314095449495 0.02996670366259721
0 0.07047724750277469 0.7796892341842397 0.02330743618201999 0.018867924528301928
0 0.08379578246392898 0.7702552719200888 0.021087680355160936 0.02885682574916757
0 0.08990011098779135 0.7203107658157603 0.026637069922308552 0.03329633740288571
0 0.01997780244173141 0.6725860155382908 0.028856825749167595 0.03107658157602657
0 0.06825749167591566 0.6648168701442841 0.02330743618201998 0.026637069922308427
0 0.20865704772475027 0.693118756936737 0.03329633740288571 0.027746947835737928
0 0.08435072142064375 0.6403995560488346 0.024417314095449515 0.02885682574916757
0 0.281354051054384 0.7641509433962264 0.023307436182019962 0.02996670366259707
0 0.281354051054384 0.8035516093229745 0.023307436182019962 0.035516093229744854
0 0.4428412874583796 0.7536071032186459 0.02885682574916764 0.03329633740288571
0 0.5355160932297447 0.7408435072142063 0.027746947835737997 0.027746947835738212
0 0.5072142064372919 0.860710321864595 0.024417314095449498 0.02774694783573807
0 0.5710321864594894 0.9522752497225305 0.03218645948945621 0.037735849056603855
0 0.6159822419533851 0.9755826859045504 0.024417314095449498 0.028856825749167713
0 0.6276359600443951 0.820754716981132 0.021087680355160926 0.03440621531631535
0 0.66315205327414 0.779134295227525 0.029966703662596926 0.02219755826859057
0 0.8679245283018866 0.8740288568257492 0.02441731409544943 0.025527192008879068
0 0.9162042175360711 0.9328523862375139 0.02774694783573807 0.029966703662596926
0 0.25693673695893454 0.5283018867924528 0.029966703662597106 0.02663706992230857
0 0.2164261931187569 0.5221975582685904 0.026637069922308534 0.023307436182019928
0 0.13041065482796893 0.5099889012208657 0.02330743618201998 0.034406215316315214
0 0.01609322974472808 0.46670366259711427 0.025527192008879027 0.03218645948945614
0 0.16332893042861177 0.47038705064634784 0.017890442171906263 0.020512567294307726
0 0.19023131608262842 0.47465847654155285 0.018642432387232163 0.01923926162916401
0 0.2139329183338321 0.42450517073269695 0.027415958943153348 0.026177818861849646
0 0.2088919194313813 0.3980620361391393 0.02299403008135446 0.023170907235826377
0 0.05775039093509397 0.35923750073254473 0.020694627073218976 0.02582406455290581
0 0.10365001252056683 0.3055552843503058 0.024409047317130065 0.02493967878054601
0 0.12248742947183025 0.3058206000820137 0.01998711845533114 0.027239081788681327
0 0.13787574191089053 0.24090668439080554 0.022463398617938547 0.022994030081354425
0 0.07729531650424523 0.20535437634194215 0.023701538699242235 0.019102732682971392
0 0.10435752113845467 0.26779201187054297 0.023701538699242235 0.020163995609803073
0 0.22074268878100242 0.08826170008150656 0.020163995609803073 0.025470310243961826
0 0.2385188428054341 0.11647360621978371 0.021755890000050685 0.027062204634209427
0 0.27911214975674825 0.21331384829318017 0.02051774991874705 0.022994030081354387
0 0.4268045737408323 0.2482470863013917 0.02405529300818621 0.023878415853714186
0 0.40920529687087265 0.06818614304893945 0.024939678780546048 0.026354696016321608
0 0.5242638858548807 0.10895632715472554 0.022286521463466612 0.022994030081354425
0 0.6520576299608698 0.1421207936182175 0.027769713252097362 0.023878415853714186
0 0.54407412715574 0.40071519345621864 0.02087150422769092 0.024232170162658093
0 0.9158949130485845 0.2511655593501791 0.022463398617938567 0.024409047317130082
0 0.38219961852479356 0.4485283368715661 0.02539720367867858 0.018928104628449204
0 0.4512033417272413 0.6276265420584745 0.022042856023004164 0.025876396200917924
0 0.2904983795168748 0.30976552959611336 0.020429490197439008 0.024099458496380136
