0 0.03540181054973954 0.23415768977899148 0.029332928741212766 0.02730996813837056
0 0.04956253476963535 0.25792747686238804 0.021241086329843718 0.02933292874121275
0 0.11151570323167953 0.00935619278814545 0.0288271885905022 0.0187123855762909
0 0.31785768472158993 0.22910028827188583 0.024781267384817694 0.027309968138370486
0 0.38866130582106906 0.19648004855105441 0.025792747686238827 0.029838668891923346
0 0.39447731755424054 0.2918120669599959 0.02730996813837052 0.03236736964547614
0 0.5105446821423151 0.045516613563950835 0.020735346179133245 0.024275527234107103
0 0.6869468467101604 0.4751428715925756 0.02730996813837052 0.028827188590502147
0 0.23734385272846822 0.507763111313407 0.026298487836949356 0.023264046932686
0 0.2540332777019169 0.5848884842967682 0.02832144843979158 0.024781267384817694
0 0.08091842411369037 0.5110504222930258 0.028321448439791633 0.027815708289081156
0 0.05917159763313608 0.5325443786982248 0.02225256663126486 0.02730996813837052
0 0.06979214079805794 0.5499924138977391 0.03135588934405502 0.01365498406918526
0 0.007838972336013755 0.36993627596931217 0.01567794467202751 0.025818036237170786
0 0.06422899914024173 0.6827492034592624 0.02933292874121275 0.02629848783694925
0 0.12112476609518026 0.7874374146563493 0.018712385576290895 0.02629848783694939
0 0.44125828149496776 0.7328174783796083 0.029838668891923277 0.02933292874121264
