0 0.047677045738352034 0.26378662275894604 0.029503324087809507 0.02128108622727243
0 0.07919949703899681 0.7263379827683265 0.02684318830940045 0.022973899904441736
0 0.23264096534813725 0.8188381586993687 0.020313764126032828 0.02805234093595004
0 0.3553255208257235 0.5730683435582102 0.025502479877082252 0.02603378154118815
0 0.3866723190079705 0.4636202007523987 0.02443987654887046 0.02709638486940001
0 0.35718507665009414 0.7414909710797744 0.030284194854035176 0.024971178212976355
0 0.54021849993457 0.7364436052707688 0.02443987654887046 0.02443987654887067
0 0.8270613083335354 0.6708586190864066 0.027096384869399942 0.024971178212976498
0 0.8055435909372473 0.9784822826037117 0.024439876548870528 0.028158988197611735
0 0.5560974596395364 0.21969323810778177 0.0270963848693998 0.03240940151045873
