0 0.011763009509065099 0.014798624866243192 0.020490403660952106 0.01745478830377402
0 0.10359037406370232 0.08955065303675366 0.015936980625184952 0.016695884464479498
0 0.12104516236747634 0.09486297991181532 0.018972595982363068 0.016695884464479498
0 0.14457118138560657 0.07019860513474334 0.014419172946595928 0.01745478830377401
0 0.018972595982363064 0.2587862091994322 0.01821369214306854 0.021249307500246603
0 0.06033285522391454 0.4086697174601004 0.018972595982363057 0.02200821133954115
0 0.2234971806722369 0.30432043955710353 0.01745478830377401 0.022767115178835624
0 0.2420903247349527 0.41777656353163467 0.015178076785890475 0.020490403660952054
0 0.419673823129871 0.08841229727781187 0.01669588446447939 0.01593698062518497
0 0.6333052538912791 0.03377122084860626 0.01441917294659575 0.020490403660952113
0 0.6507600421950531 0.014419172946595933 0.018972595982363033 0.0166958844644795
0 0.7160257723743819 0.031115057411075425 0.015936980625184987 0.019731499821657582
0 0.7353778202763924 0.030735605491428165 0.015178076785890653 0.026561634375308295
0 0.7099545416600259 0.13736159491230857 0.015936980625184845 0.0182136921430685
0 0.5065683127290938 0.37565740045078866 0.015936980625184987 0.018213692143068557
0 0.40070122714750794 0.2952135934855693 0.016695884464479532 0.018213692143068484
0 0.5756285621048953 0.5498258315688815 0.012901365268006799 0.018972595982363033
0 0.8317586078667967 0.1430533737070175 0.015178076785890511 0.02049040366095209
0 0.9106846071534269 0.02162875941989389 0.012142461428712323 0.014419172946595933
0 0.31418618946793236 0.5452724085331144 0.016695884464479532 0.022008211339541076
0 0.21173417116317178 0.7643603578990507 0.013660269107301346 0.022008211339541218
0 0.4572395631749498 0.009865749910828793 0.012901365268006799 0.01517807678589045
