0 0.34655426165299974 0.7213133558708607 0.0313467981822469 0.03612851315919983
0 0.465565834412717 0.768599203976284 0.028158988197611663 0.03612851315919997
0 0.792050707005781 0.9394316102919293 0.03719111648741162 0.04037892647204714
0 0.9755601234511292 0.9136634795827941 0.030815496518141004 0.04197283146436447
0 0.9744975201229177 0.8137787667308887 0.03187809984635294 0.03559721149509386
0 0.7250513888252064 0.6490752508580655 0.03665981482330565 0.033472004838670556
0 0.5486592363420539 0.629151438454095 0.03453460816688221 0.0361285131591999
0 0.5672547945857598 0.5568944121356951 0.03134679818224697 0.03719111648741169
0 0.6551852199952832 0.5359079964035128 0.04144152980025872 0.03453460816688228
0 0.5908977186384715 0.539361457220201 0.03612851315919997 0.035065909830988035
0 0.8188261325398944 0.5414866638766246 0.03294070317456459 0.03294070317456466
0 0.8841762372249178 0.45780665177994834 0.029752893189929353 0.03559721149509393
0 0.7348804696111653 0.3860809271256544 0.040378926472047 0.03453460816688235
0 0.5008420865725246 0.3943161029192956 0.03453460816688221 0.03294070317456466
0 0.4105208036745249 0.43017896524644245 0.04197283146436447 0.028158988197611663
0 0.3587188914242015 0.392722197926978 0.03400330650277638 0.034003306502776456
0 0.40228562788088373 0.3191369174483134 0.029752893189929353 0.031346798182247004
0 0.4479775709939895 0.30718263000593105 0.03612851315919983 0.03294070317456455
0 0.49048170412246006 0.27025716435057234 0.030815496518141073 0.028158988197611663
0 0.494732117435307 0.2258934753977313 0.0361285131591999 0.03294070317456463
0 0.7229261821687828 0.25724027357997825 0.032409401510458624 0.038253719815623415
0 0.4453210626734601 0.36801667054605447 0.026565083205294045 0.0366598148233058
0 0.5486592363420539 0.03533156066304108 0.033472004838670556 0.037722418151517535
0 0.9710440593062293 0.08686782208131152 0.040910228136152964 0.03559721149509402
0 0.47985567084034236 0.5525537306701163 0.03294070317456459 0.03612851315919997
