0 0.421092564491654 0.025796661608497723 0.02883156297420335 0.0212443095599393
0 0.8770864946889227 0.045523520485584223 0.02427921092564489 0.018209408194233688
0 0.7549317147192716 0.2867981790591806 0.019726858877086643 0.027314112291350553
0 0.7807382041622947 0.3368286022179918 0.016989646623723046 0.018405450509033444
0 0.7757828905637087 0.3492168862144567 0.022652862164964063 0.016281744681068133
0 0.7241542224693193 0.7341038287448864 0.025735925102262826 0.027969822673847223
0 0.96171875 0.790625 0.0140625 0.025
0 0.90859375 0.37109375 0.0234375 0.0234375
0 0.846875 0.5234375 0.021875 0.015625
0 0.86328125 0.6828125 0.0265625 0.025
0 0.1478117012709639 0.521562100635482 0.019844149364518032 0.025625798729036406
0 0.5905322799808882 0.7406249999999989 0.031064559961777424 0.028124999999999935
0 0.29405264171422557 0.44183499049530667 0.02133591260810192 0.026259584748433085
0 0.3274241973320261 0.5096722510954257 0.027900808795210282 0.032824480935541585
0 0.15646335912608098 0.41749016713478 0.024071286019397054 0.02352421133713797
0 0.18463770526242074 0.37509187925970566 0.018053464514547812 0.025165435383915094
0 0.20104994573019147 0.340079099595128 0.018053464514547778 0.027353734112951215
0 0.44148926858303306 0.3367966515015739 0.022977136654879046 0.02954203284198732
0 0.2601340114141661 0.21636803683344413 0.023524211337138043 0.02243006197262005
0 0.010120881621791951 0.6621883119264111 0.020241763243583902 0.02124473071182635
0 0.10859432442841634 0.6600456041455129 0.020241763243583913 0.02133591260810192
0 0.10066174153566049 0.6518394839116275 0.02188298729036099 0.018053464514547812
