0 0.014159189348421732 0.6094768954321715 0.028318378696843463 0.04087746523614129
0 0.07701217621214745 0.5959450844474773 0.04213222196359636 0.03039045518685647
0 0.1554057367509702 0.6194286180009574 0.035915992493557564 0.03729737682023284
0 0.23034583647310472 0.8048794638571151 0.0379880689835705 0.029699763023518528
0 0.2645350985583182 0.7727622782619146 0.0303904551868564 0.04144152980025893
0 0.26798855937500643 0.8815462939875939 0.03591599249355752 0.042132221963596235
0 0.09807828719394564 0.951306202484696 0.03867876114690813 0.02555561004349286
0 0.5339050422599998 0.9260959385228713 0.02762768653350583 0.03867876114690902
0 0.5546258071601292 0.9768618125281888 0.042822914126934106 0.0352253003302198
0 0.5691303425902199 0.8874171773759636 0.03177183951353171 0.03591599249355752
0 0.5560071914868046 0.6553446104945148 0.029009070860181084 0.040060145473583476
0 0.3615773475072574 0.5973264687741526 0.035225300330219936 0.041441529800258795
0 0.23034583647310478 0.5700441283223158 0.03384391600354466 0.031081147350193915
0 0.1094747078890168 0.5213503308070117 0.03246253167686932 0.03729737682023284
0 0.01277780502174644 0.45786996557955845 0.02555561004349288 0.03880538874612853
0 0.18579619193782662 0.3901188197728591 0.03177183951353171 0.03867876114690809
0 0.06768783200708925 0.27166511376045294 0.0442042984536093 0.0352253003302199
0 0.34569142775049144 0.43674054079815006 0.04075083763692113 0.033843916003544694
0 0.018303342328447606 0.1371023944225226 0.03246253167686934 0.03108114735019404
0 0.17267304083441132 0.11948974425741264 0.03177183951353168 0.04006014547358341
0 0.20513557251128067 0.0683785241704269 0.03867876114690816 0.03177183951353169
0 0.15229762201595082 0.02762768653350582 0.0407508376369211 0.03315322384020698
0 0.44722317576112536 0.34534608166882264 0.03384391600354462 0.03729737682023277
0 0.44653248359778774 0.2963069380718499 0.04213222196359645 0.0303904551868564
0 0.4917728202964035 0.301832475378551 0.03729737682023284 0.034534608166882245
0 0.5356317726683439 0.5228539676465975 0.03798806898357057 0.04006014547358341
0 0.5124935851965329 0.42304895004430776 0.046967067106959914 0.035225300330219866
0 0.740076653016287 0.4952262811130917 0.03522530033022008 0.0455856827802846
0 0.819851597881785 0.40440026163419135 0.046967067106959776 0.029699763023518812
0 0.5939952604703751 0.5642954974468563 0.030390455186856256 0.03867876114690816
0 0.8733802405404526 0.627148484310582 0.035225300330219936 0.044204298453609285
0 0.6299112529639325 0.21964010794137123 0.03453460816688242 0.03867876114690819
0 0.7404219990979558 0.2165319932063518 0.03453460816688221 0.042132221963596346
0 0.7576893031813969 0.13157685711582146 0.0372973768202327 0.03660668465689522
0 0.5870883388369985 0.16818354177271666 0.03729737682023291 0.03384391600354462
0 0.4879740133980464 0.15747781324098317 0.037988068983570426 0.02624630220683052
0 0.6102265263088097 0.10671193923566619 0.036606684656895185 0.036606684656895185
0 0.6689353601925094 0.020720764900129366 0.04213222196359638 0.035915992493557564
0 0.8981229059076974 0.09048067339723154 0.036606684656895254 0.03729737682023287
0 0.9150448639094697 0.21204249414465715 0.03453460816688235 0.04420429845360932
0 0.9150448639094697 0.554971153241798 0.03177183951353171 0.039369453310245744
0 0.667086377271255 0.7435301138329752 0.03729737682023284 0.035225300330219936
0 0.6795188362113325 0.8036203320433504 0.03453460816688235 0.04075083763692106
0 0.7278672876449677 0.8809778543371667 0.027627686533505766 0.04213222196359638
0 0.9319668219112418 0.8132900223300774 0.03936945331024589 0.036606684656895254
0 0.7226870964199356 0.8046563702883569 0.035225300330219936 0.0303904551868564
0 0.8677058856376354 0.15646939571614785 0.03825371981562355 0.03240940151045875
