0 0.04360651952376903 0.05025651375114382 0.016570477419032233 0.01591637962617571
0 0.040554063157105205 0.037719639388060215 0.01569834702855685 0.013518021052368408
0 0.21694243463075097 0.13997692767129863 0.017006542614269905 0.020495064176171435
0 0.36389640542585266 0.10683597283323415 0.013954086247606128 0.017006542614269923
0 0.4104463650174761 0.135180210523684 0.017660640407126494 0.018314738199983013
0 0.7625690101719113 0.03434013412496812 0.019840966383314795 0.018532770797601846
0 0.8472746743468327 0.09549827775705419 0.01744260780950768 0.020495064176171453
0 0.8096575422787481 0.3695652529639426 0.017006542614270048 0.017442607809507606
0 0.6476593222479461 0.3579005089913344 0.020495064176171526 0.015480314430938051
0 0.5789790539980099 0.36542263360918453 0.018750803395220644 0.018314738199983013
0 0.626510160278918 0.2673079646807042 0.01787867300474531 0.014826216638081462
0 0.43137098541005175 0.34383740644491895 0.013954086247606128 0.017006542614269832
0 0.32028337692325004 0.27799156196402763 0.016788510016651124 0.017878673004745237
0 0.33794401733037643 0.23983585738072974 0.015044249235700278 0.01875080339522068
0 0.21421051818168185 0.20636785364623697 0.015262281833319164 0.020277031578552603
0 0.14378598915079482 0.24158011816168048 0.014390151442843778 0.017442607809507606
0 0.14694746181626808 0.26959730695570205 0.018968835992839547 0.021149161969027972
0 0.16755154229124894 0.32758852677468314 0.01657047741903222 0.01721367291662517
0 0.028126205092831032 0.2439784767354878 0.01962293378569607 0.019622933785696083
0 0.4550340312305299 0.5483519830113956 0.01962293378569605 0.018314738199983083
0 0.5478069015173486 0.41807750593413573 0.015916379626175613 0.017660640407126494
0 0.6496216156265158 0.627606832245846 0.02180325976188449 0.01678851001665116
