0 0.11522015378390851 0.8392197660590781 0.03363862607060904 0.037725561948346635
0 0.23672790122587475 0.8728583921296873 0.032695487021900366 0.036468043216735
0 0.2863998911245311 0.9805084596600208 0.037096802582540785 0.03206672765609468
0 0.3615366353383214 0.7831197901110944 0.03332424638770611 0.03709680258254082
0 0.3307274264138384 0.7254311182984146 0.04086935877737549 0.039297460362861185
0 0.33245651466980425 0.6751303690339523 0.03678242289963794 0.03866870099705537
0 0.1116047874305253 0.7640998192954698 0.03395300575351193 0.03552490416802627
0 0.22446709359266215 0.6026658521248366 0.0326954870219004 0.04589943370382152
0 0.27712569047889596 0.5803448946387316 0.03615366353383212 0.04212687750898688
0 0.1551463735125753 0.5294153860084637 0.03803994163124948 0.03395300575351193
0 0.09289919629780347 0.4613521846599884 0.03992621972866681 0.03300986670480327
0 0.2577913399803683 0.49436205136479167 0.03835432131415239 0.04432753528930718
0 0.035682094009477805 0.4325864436743741 0.03049482924158016 0.04149811814318127
0 0.05140107815462221 0.2515037463223105 0.0367824228996379 0.036468043216735
0 0.10798942107714207 0.24050045742070938 0.03678242289963793 0.037725561948346566
0 0.16803594051159373 0.2599919977606885 0.03929746036286099 0.03332424638770615
0 0.16630685225562786 0.14917315953742044 0.027665412095454176 0.03615366353383216
0 0.2884433590633999 0.23044030756781703 0.031123588607385955 0.03835432131415242
0 0.3629513439113844 0.12465154427099513 0.03678242289963791 0.03363862607060904
0 0.5346026507763614 0.14760126112290597 0.039297460362861046 0.033009866704803235
0 0.9313080392857188 0.3102927470251506 0.029237310509968494 0.04086935877737545
0 0.924234496420404 0.3524196245341376 0.037725561948346496 0.038983080679958135
0 0.8481546131579049 0.38935923727522703 0.03961184004576396 0.03489614480222066
0 0.7921950296011908 0.48901759675544254 0.04275563687479291 0.03300986670480327
0 0.8821076189114169 0.5030074926446211 0.03206672765609468 0.03835432131415239
0 0.5094105048300429 0.4566364894164451 0.03929746036286098 0.03678242289963798
0 0.4603672742971924 0.4962483294622089 0.043070016557695684 0.028608551144162747
0 0.41588254916643363 0.42441257191889903 0.036468043216735066 0.0314379682902888
0 0.7396936225564085 0.8315342612781393 0.03646804321673486 0.03332424638770604
0 0.791880649918288 0.8205309723765382 0.03458176511931782 0.03646804321673514
0 0.6268313163942717 0.9481273523210234 0.030180449558677224 0.0352105244851235
0 0.49825002608699037 0.9641607161490705 0.03395300575351179 0.03646804321673514
0 0.9693479809169684 0.5385198726295544 0.033512874197447785 0.04046066518960167
0 0.08379191782996574 0.8635630708955424 0.03633694818516313 0.029286495552221226
