0 0.07969524961588215 0.9151761947144742 0.035065909830988146 0.0425041331284703
0 0.03851937064767637 0.8283083726331628 0.028158988197611687 0.037722418151517584
0 0.10891684114170559 0.7629582679481394 0.03931632314383519 0.03453460816688221
0 0.17400129499467598 0.7193915314914571 0.033472004838670466 0.04516064144899985
0 0.09908776035574679 0.6973425124310632 0.0334720048386705 0.04462933978489403
0 0.10626033282117618 0.9590085820032094 0.035065909830988125 0.03984762480794103
0 0.15514008591891723 0.969103313621221 0.03719111648741167 0.03559721149509414
0 0.37669287985106964 0.8144945293664096 0.04250413312847051 0.03878502147972924
0 0.5119091533660163 0.7677399829250922 0.03984762480794117 0.04303543479257641
0 0.3153275376468403 0.48402489429255185 0.04091022813615279 0.03878502147972931
0 0.26538518122088756 0.44895898446156374 0.029221591525823456 0.033472004838670556
0 0.19658161571917596 0.4821653384681812 0.0361285131591999 0.04250413312847051
0 0.09005563206594681 0.3612942098840934 0.03240940151045873 0.040910228136152894
0 0.18117386746010422 0.26300340202450445 0.03719111648741145 0.03665981482330532
0 0.015142097427017604 0.2144380026815943 0.030284194854035208 0.03728852233296567
0 0.026033781541188166 0.16125913334822914 0.03825371981562343 0.0340033065027764
0 0.30948321934167566 0.15089875089816446 0.033472004838670556 0.04622324477721167
0 0.45638812946695173 0.07545391459512936 0.04462933978489403 0.03559721149509404
0 0.2956693760749227 0.044098038120788115 0.0366598148233058 0.040378926472046946
0 0.6176381845230865 0.1030725228365409 0.04091022813615268 0.03400330650277638
0 0.6184351370192455 0.051270610586217506 0.04250413312847044 0.040910228136152825
0 0.7294771848173746 0.06056838970807043 0.03294070317456459 0.04781714976952929
0 0.6707683509336746 0.2239436514206288 0.03984762480794103 0.03878502147972934
0 0.9009122396442529 0.5060648350608515 0.040910228136152825 0.03984762480794096
0 0.6262292793015126 0.5794331676302403 0.037722418151517445 0.04207023730991878
