0 0.44610280874264163 0.479642028127322 0.02510948084883907 0.025109480848839
0 0.07992287969707255 0.6693082852533737 0.02271810172037817 0.025408403239896557
0 0.06886275122794108 0.5890476232544063 0.02152241215614773 0.02391379128460855
0 0.12550854433335767 0.642554731253718 0.021821334547205334 0.02331594650249329
0 0.22206047664496487 0.7153423334762453 0.02062564498297487 0.02122348976509002
0 0.30964473722484387 0.7063746617445171 0.02540840323989659 0.02421271367566618
0 0.11355164869105339 0.7772192684251701 0.02421271367566618 0.020625644982974905
0 0.15405563267935918 0.8228049330614553 0.023913791284608604 0.02271810172037803
0 0.16018354169604013 0.7730343549503635 0.01942995541874451 0.027799782368357454
0 0.33729505839767254 0.7896245476540608 0.028098704759415158 0.026903015195184708
0 0.0931143248144447 0.3892180048323957 0.021821334547205334 0.02600624802201182
0 0.21268328123748767 0.27936402611872496 0.02241917932932054 0.030490083887875913
0 0.2990718522531362 0.2059785791140824 0.01942995541874442 0.02839762715047268
0 0.03123738986551997 0.21778601356085794 0.024810558457781417 0.021522412156147686
0 0.015543964334995584 0.1799723310920706 0.017935343463456443 0.02481055845778144
0 0.5048799184962989 0.15708371650077269 0.025109480848839 0.023017024111435767
0 0.5395549158589813 0.18757380038864865 0.02331594650249336 0.02122348976509013
0 0.7429716029736833 0.33165439287841536 0.026604092804126935 0.019429955418744455
0 0.7671843166493494 0.28233219835391016 0.023017024111435802 0.018832110636629266
0 0.6996278562703302 0.17845666746139158 0.0248105584577813 0.02032672259191731
0 0.9562078697100606 0.4634791673348203 0.02122348976509002 0.0248105584577813
0 0.9300521604925197 0.5579386429090243 0.02271810172037817 0.02600624802201182
0 0.6115503528206391 0.6902118009520156 0.02301702411143587 0.02152241215614765
0 0.5332326863635459 0.8157592051962106 0.02660409280412715 0.02391379128460855
0 0.7932951665836644 0.8623910982011972 0.020625644982974905 0.02510948084883907
0 0.8055509846170262 0.8848102775305179 0.02600624802201196 0.020924567374032536
0 0.9825130401231299 0.7830272033754025 0.026604092804126935 0.02122348976509002
0 0.3555233248797983 0.9354327635315568 0.023315946502493433 0.023315946502493433
0 0.23117161019983368 0.9644282354641445 0.02391379128460862 0.02331594650249329
0 0.10581852643439302 0.9396176770063631 0.02331594650249336 0.026305170413069446
0 0.04125128996594982 0.9481369651515049 0.030490083887875948 0.018832110636629266
0 0.07622520971968988 0.8847654182472923 0.02331594650249336 0.018832110636629408
0 0.01046228368701626 0.8508302533463566 0.02092456737403252 0.021537359187939375
0 0.01600738247971211 0.4057088877518662 0.02493967878054594 0.016803329674835867
