0 0.05464107642920561 0.018593144062715804 0.021249307500246627 0.02656163437530829
0 0.03604793236648982 0.1817574695110382 0.025043826696719246 0.028079442053897345
0 0.047052038036260395 0.23601909402059654 0.025802730536013768 0.028838345893191893
0 0.014419172946595928 0.252714978485076 0.02124930750024663 0.03490957660754802
0 0.08272051848310297 0.29331633388733297 0.02428492285742472 0.02959724973248644
0 0.08309997040275022 0.3248108432180557 0.023526019018130208 0.030356153571780915
0 0.09865749910828793 0.363135487102429 0.02580273053601374 0.031115057411075425
0 0.024664374777071982 0.42157108272810734 0.031115057411075425 0.034150672768253544
0 0.19352047902010328 0.1589903543322025 0.021249307500246638 0.028079442053897327
0 0.13432597955513048 0.13887940259089762 0.02580273053601374 0.024284922857424753
0 0.36844781397749066 0.18023966183244908 0.029597249732486404 0.028079442053897345
0 0.4052546501832751 0.11763009509065099 0.027320538214602764 0.028838345893191855
0 0.4519272362998882 0.09562188375110983 0.02656163437530829 0.02276711517883566
0 0.4576190150945971 0.06792189361685977 0.021249307500246603 0.026561634375308306
0 0.5464107642920562 0.017075336384126758 0.018213692143068557 0.026561634375308292
0 0.29938756460168914 0.1362232391533668 0.0235260190181301 0.023526019018130187
0 0.4272628615228162 0.1901054117432779 0.021249307500246672 0.02504382669671923
0 0.48114503411272724 0.21325197884176084 0.02428492285742472 0.027320538214602834
0 0.5608299372386522 0.25650949768154857 0.021249307500246672 0.028838345893191893
0 0.649242234516464 0.0891712011171064 0.02807944205389724 0.029597249732486394
0 0.6890846860794264 0.39083547723667905 0.03035615357178088 0.028838345893191855
0 0.9125818667516634 0.4538244958981245 0.028079442053897452 0.022767115178835694
0 0.9414202126448526 0.3999423233082129 0.020490403660951916 0.021249307500245826
0 0.9592324383850048 0.44480699350585284 0.025087730224612415 0.026342116735842892
0 0.9074889947967419 0.38114687806089903 0.02320615045776634 0.024460536968997033
0 0.7328156731078787 0.4711491102416957 0.023833343713381652 0.026342116735842965
0 0.26461590779105143 0.46613156419677326 0.02571492348022762 0.026342116735842965
0 0.18684394409475324 0.4774210427978488 0.021951763946535755 0.026342116735842892
0 0.2611663448851672 0.532614049291996 0.027596503247073512 0.025087730224612272
0 0.32921681311942813 0.538885981848149 0.02195176394653572 0.028850889758304136
0 0.2614799415129749 0.5661688884674149 0.026969309991458204 0.01818860441284393
0 0.1595610374754874 0.5476666874267633 0.027596503247073533 0.0225789572021511
0 0.06115134242249251 0.5279100998748811 0.023206150457766396 0.026969309991458273
0 0.05425221661072412 0.48776973151550146 0.02571492348022762 0.02320615045776634
0 0.06710967835083793 0.5956469714813344 0.025087730224612307 0.028223696502688824
0 0.29603521665042526 0.6398640960022136 0.022578957202151067 0.027596503247073512
0 0.03888598184814908 0.7787874021210041 0.023833343713381697 0.023206150457766198
0 0.06993204800110682 0.8026207458343859 0.02571492348022762 0.028223696502688824
0 0.4390352789307154 0.8167325940857303 0.027596503247073655 0.028850889758304278
0 0.5045769741425151 0.7850593346771574 0.025714923480227584 0.026969309991458204
0 0.5390726032013571 0.7079145642364745 0.024460536968997033 0.025714923480227442
0 0.6083774579468485 0.6743597250610556 0.026342116735842892 0.027596503247073655
0 0.6008511388794647 0.6546031375091732 0.023833343713381652 0.023206150457766483
0 0.6842678418763006 0.6201075084503312 0.026342116735842892 0.030732469525150206
0 0.8968267094512816 0.720144832720973 0.0206973774353051 0.030105276269534614
0 0.9802434124481176 0.8095198716461545 0.026969309991458204 0.024460536968997103
0 0.8949451296844358 0.9786754293090795 0.023206150457766483 0.026342116735842892
0 0.7459867314758003 0.9394758508331226 0.026342116735842892 0.030732469525150064
0 0.6164713241912391 0.9078025914245496 0.02446053696899696 0.025087730224612272
0 0.6973792541656139 0.8569999377197096 0.026969309991458204 0.02132457069092055
0 0.726230143923918 0.8560591478362867 0.024460536968997103 0.02446053696899696
0 0.5741357794372058 0.8595087107421707 0.0225789572021511 0.025087730224612272
0 0.26587029430228204 0.862958273648055 0.021951763946535755 0.018188604412843857
0 0.19499745641775226 0.9818113955871559 0.02822369650268886 0.02007018417968993
0 0.6424998442992744 0.008780705578614309 0.02383334371338158 0.016307024645998
0 0.33684794672586016 0.39456159822419534 0.02774694783573807 0.025527192008879
