0 0.02789333736555875 0.4511268015114483 0.01647035158728231 0.015939049923176397
0 0.1923312024063289 0.01753295491549407 0.01700165325138819 0.017001653251388183
0 0.21623977729109353 0.012751239938541143 0.01700165325138812 0.014876446594964668
0 0.27016689619784046 0.03878502147972931 0.017532954915494017 0.018064256579599952
0 0.3464086849970343 0.06481880302091747 0.015939049923176397 0.013813843266752892
0 0.8054533227845155 0.14796751345348785 0.014876446594964818 0.017532954915494087
0 0.9163199879033237 0.044629339784893994 0.017532954915493944 0.018064256579599945
0 0.9795448859319233 0.04250413312847047 0.01753295491549423 0.014876446594964659
0 0.9843266009088762 0.010891684114170559 0.017532954915494087 0.01647035158728231
0 0.9043657004609413 0.14026363932395255 0.01593904992317647 0.01806425657959993
0 0.9657310426651705 0.1976442190473877 0.016470351587282293 0.015939049923176435
0 0.8427347074246591 0.26299432373241105 0.01700165325138812 0.01275123993854116
0 0.7208009755123596 0.30576410769293444 0.014345144930858993 0.014345144930858745
0 0.9864518075652998 0.3341887467225992 0.01859555824370588 0.015939049923176397
0 0.5284697731060305 0.32276576094432263 0.015407748259070502 0.013282541602647023
0 0.4803869725044483 0.4622324477721165 0.015939049923176397 0.01700165325138819
0 0.8993183346519354 0.6585484126592395 0.012219938274435264 0.017532954915494087
0 0.9670592968254352 0.6909578141696983 0.018064256579600056 0.012219938274435406
0 0.7819006668845359 0.9126008762545824 0.01859555824370588 0.013282541602646915
0 0.5583980489752809 0.44293020518498366 0.014876446594964676 0.015407748259070573
0 0.4793722394561722 0.16220059989702437 0.015939049923176397 0.019658161571917604
